[monica.jpg]
filters=Vignette=1,50.000000,2.000000,0.000000,00000000;
moddate=4a7b44c8804ed201
width=725
height=724
textactive=0
